221440375 4025500
196015750 5699667
178314125 11927334
163759250 14533167
185503667 18073875
202180958 19408375
241163167 27902708
272260833 33603625
301271083 42375250
324828708 53428459
348392417 52020125
376762750 78406542
409087916 94068042
442762000 106929083
475954875 129385625
502527959 129630125
528491166 155777833
557507208 165138666
587967583 192907375
621826958 218777500
667972833 219861583
681217792 250582209
714147667 264706833
739172541 277936500
773357792 319756208
804343792 360775625
835976292 410568833
865163709 386443958
898140583 420698792
934612791 485046458
956234125 489785500
993424625 516832416
1028202167 558402000
1058203417 556261000
1084157958 602870125
1114409417 649746000
1148626708 628733167
1180330583 695516833
1209271250 781071750
1241016375 859115541
1283036625 879777291
1324125125 868975625
1326020708 991249000
1366971208 966621583
1411171042 1051046458
1430606833 1073918417
1465543875 1221758792
1511729250 1227507042
1533936791 1198395209
1584079000 1235103375
1603380458 1343333125
1646424583 1415081583
1671643083 1382051375
1729503458 1454075500
1800037500 1461442542
1807144875 1536708959
1807415917 1607121792
1846965334 1702492000
1894845250 1690267125
1905572125 1911366500
1965379375 1900602084
2025159125 1949396167
2044087625 2096495750
2076052166 2007126250
2110332625 2077122791
2127007625 2209122458
2148752583 2127221833
2201380083 2288597792
2252072542 2365291250
2304551833 2475968541
2312898250 2433910750
2384688250 2681568417
2406558375 2638476583
2434374833 2812552917
2457916084 2930759709
2512023292 2844175833
2504038250 2780086417
2604539625 3147818334
2612637208 2976693708
2678994833 3169863125
2679107334 3262383875
2720410833 3491178125
2795580167 3308332125
2797411667 3536321792
2892248542 3590902334
2978473959 3517245750
2915445958 3560519709
3044905583 3757041000
3060407167 3770955958
3115205916 4072919708
3069699834 4156435500
3162046625 4381457708
3125752833 4213916958
3172715417 4221662875
3257095458 4520351500
3321320167 4577313792
3391602709 4680164333
3387530125 4659505208
3445334875 4820791292
3448960334 5068665500
3569501416 4967456708
3749584291 5436796792
3660840333 5218203417
3755376750 5177300250
3816051250 5275715958
3844899500 5751817916
3814798208 5713994375
4111017417 5836138667
4064540209 6093792458
4006153375 6027507791
4040013666 6107007833
4093492042 6223354125
4156705250 6292460125
4185813625 6306656667
4336369916 6713476083
4355737000 6634812458
4356960834 6978142375
4409537625 6873228250
4462426584 7026226250
4448856250 7589858333
4654449667 7461735125
4541726833 7764090250
4522390500 7409537625
4528086167 7901194292
4653735708 7929074583
4801949167 7861722542
4758239042 7918761792
4785097917 8525532417
4826031292 8677809875
5000420458 8357662125
5034204083 8660727083
4921700834 8644481667
4917201875 8898986500
5055591041 8546187375
5193923375 9264882750
5267496291 9109155500
5176956750 9141573875
5272146333 9572415583
5231554333 9438196041
5299518708 10029071833
5424128250 9600357042
5544101125 10249066834
5486084459 9880026084
5387774375 10630663666
5475955750 10505588333
5504640958 10171705709
5563380333 10782954333
5567149500 10665719667
5569541667 11332935750
5723686042 11086714167
