5628083 331825834 35795209
8394666 382663375 68622458
11176125 505998625 141955791
11100042 677040541 210760375
11172750 785481416 308046458
12486458 943416500 459969417
13884042 1107585500 570507083
15813584 1266712250 799356875
17740292 1439738167 977754250
19544875 1599035500 1166690334
21402375 1780602375 1376219666
26718042 1963782292 1792137084
28520083 2117625459 1948107000
30402458 2312797125 2334978375
32693875 2492449750 2706325042
31042834 2689763916 2966233750
29102625 2860697959 3357211375
30484459 3101649792 3796481208
31383917 3313959166 4232112666
32747875 3520341375 4752690708
34942958 3826288125 4931294917
36204500 4143125292 5699461541
38402959 4196629875 6272952959
39140083 4430383125 7090878458
43799708 4661267625 7423620458
42442959 4996093541 7803348000
43503208 5243548792 8684443917
44525458 5533273958 9268300792
46647333 5717944000 9836582334
49168500 5841349000 10397103959
