533749833 39502542
462680209 68100416
508181000 136163041
681706458 224425959
800988292 316067875
954468916 460010834
1129198792 577185084
1251541334 810498917
1432154041 989536917
1602004542 1176341084
1771246916 1399925625
1954707500 1817521000
2103636709 1986903833
2284259667 2389461708
2489554083 2782561667
2686505500 3033411667
2932179833 3427742042
3134266417 3858601125
3318640250 4444238375
3455313292 4814280083
3798466291 4988703208
3999688916 5801631209
4315323958 6387896875
4574552875 7281752958
4849119083 7541675000
4917678167 7978146292
5153251125 8790220833
5313477583 9365510833
5627484250 9962987166
5874613500 10513364792
