640884333 35747041
587773792 72894833
709353875 126310250
898893750 202698417
1103864792 298605209
1325208125 451863291
1528632417 551558542
1733973667 773669334
1951337167 953901583
2170849583 1122006167
2421012625 1342329375
2661413042 1745745375
2875344250 1913616916
3155357875 2275788167
3381023833 2660886625
3606236334 2878069834
3889526750 3258690250
4184164667 3701086917
4416224959 4143941041
4637382542 4655974208
5081359875 4831834959
5384015375 5555188167
5703445042 6155294959
6001644209 7025716584
6117594250 7321134375
6495256834 7699349791
6790547458 8615945042
7021042584 9215680041
7563116750 9743985458
7524997042 10291084042
