550360417 30930084
646125584 66989417
874289750 143431917
1115597542 224400709
1428531709 327857417
1685002167 490499167
1964447667 605162542
2241173083 848502041
2548438833 1044725583
2828201709 1231516583
3200216500 1476179125
3427309375 1911937875
3704956875 2076590958
4065547459 2504045209
4363659959 2939369208
4609506000 3174550041
4950720958 3590976500
5274015250 4088526667
5588412875 4546184083
5878360542 5089458416
6449721917 5293496167
6705044833 6106352000
7191133500 6766841333
7626065708 7685080459
7784566125 7959712750
8104054875 8373319375
8500246209 9328737250
8835571666 9946395792
9164827625 10637967125
9483550167 11195067417
