140683459 285303000
4586250 240148250
4103792 224091333
3966083 217169000
4783167 243820000
4651125 285313833
4852625 332894083
5432250 374078125
4246625 394287542
5258791 453031000
5278459 477377125
5705792 518803334
6509875 564284791
6654333 607964083
7030083 650218083
7048125 691142125
7836209 734429292
8064833 777325667
8084792 819763625
8718625 862744708
8955708 924366542
9769458 949080041
9757708 992185208
10118625 1040733834
10756208 1081971208
15342416 1119795458
12792959 1162896958
12628000 1205991583
13160291 1261050291
13893417 1322339875
14056292 1334152916
15097166 1383414208
15231500 1424642708
14976083 1468593959
14111500 1512789042
12597625 1549065125
13348084 1595872292
13152708 1684117375
13562000 1686724542
13683917 1721542709
14210083 1764624250
14760792 1813024208
14938042 1886312458
15033667 1935370000
15167375 1971462417
15332917 2017855417
16031625 2066724875
16446459 2150517208
20872541 2192363833
17302125 2219159125
17584625 2256587667
18226417 2312255792
19400542 2357762875
17871666 2400642875
23483167 2478558625
19160209 2508332542
20234125 2516520875
20125208 2577859667
19741416 2626703625
21054250 2667825917
21315167 2758556542
22157584 2769631959
20709792 2819738459
21397208 2876973750
31100667 2899747917
22213291 2953948750
22428708 3010122542
22445916 3089025250
23337542 3161389708
23417333 3188163292
24255083 3256764000
28172666 3299518833
23772417 3366935917
24266333 3428615084
25653542 3532254541
25646250 3502088375
25493375 3572207042
26054542 3624835250
26086625 3639293833
37824000 3675899458
26116333 3729110625
27046791 3801432375
33979125 3865385333
28907417 3902422541
28933875 3950170250
28775375 4047232917
28215000 4035143042
33323541 4108091084
32634666 4166096958
29196375 4289598208
30072083 4378986458
30287500 4392909959
31401833 4358406292
40176667 4477611125
31686209 4382787917
31488875 4630622833
32506500 4576283625
32441458 4613034750
32167458 4630059917
32792042 4728312167
33219458 4818825625
33979833 5010743750
33845666 5112262500
35603833 5139983583
35139584 5074157750
34732459 5116687417
35086416 5319685208
35569666 5279616625
35847167 5515966166
36589750 5424065417
36047584 5558115458
36323209 5694094250
36999959 5671378750
38418417 5692224583
43057667 5623290083
38566917 5801490750
38439500 5804730250
38676958 5868765791
38664167 5997643250
39605542 6004628667
45577166 6041745875
40003292 6185229750
41228334 6252177542
41111834 6227668500
42153458 6197129917
40811625 6307431584
41358542 6245608208
42078167 6464235917
42316167 6534824958
42536750 6601410500
47404584 6646023375
43131542 6662823708
44301291 6746622542
45140500 6685051375
44068625 6771854542
44526708 6855398834
44820250 6863182000
45149458 7002378250
50545084 7063951875
50553250 7202996666
45435417 7271869500
50274042 7091677667
46683583 7127316417
47402792 7243362583
47166000 7239272750
47443667 7512058875
48276958 7479065167
48290334 7637281792
49094708 7497134709
49766833 7528205875
